image: hector4.pgm
resolution: 0.040000
origin: [-40.980000, -40.980000, 0.000000]
negate: 0
occupied_thresh: 0.65
free_thresh: 0.196

