image: new_map.pgm
resolution: 0.030000
origin: [-50.010000, -50.010000, 0.000000]
negate: 0
occupied_thresh: 0.65
free_thresh: 0.196

